70x70
1,1
52,12; 2,52; 68,68
0,6
0,10
0,12
0,16
0,17
0,19
0,25
0,29
0,33
0,35
0,52
0,54
0,67
1,12
1,17
1,26
1,34
1,47
1,48
1,51
1,55
1,60
1,61
1,64
1,65
1,69
2,59
3,11
3,20
3,25
3,26
3,29
3,31
3,40
3,43
3,52
3,57
3,60
3,65
3,67
4,3
4,11
4,15
4,17
4,21
4,28
4,41
4,43
4,51
4,54
4,58
4,61
5,3
5,14
5,21
5,27
5,28
5,33
5,38
5,42
5,47
5,48
5,51
5,52
5,61
5,64
5,68
6,7
6,13
6,20
6,25
6,29
6,31
6,34
6,41
6,44
6,46
6,49
6,50
6,59
6,60
6,69
7,1
7,14
7,30
7,32
7,35
7,38
7,44
7,49
7,50
7,52
7,53
7,56
8,0
8,2
8,3
8,9
8,10
8,18
8,23
8,39
8,42
8,47
8,48
8,49
8,52
8,55
8,57
8,58
8,64
8,66
8,67
9,2
9,8
9,14
9,31
9,36
9,37
9,40
9,42
9,51
9,53
9,61
9,65
9,67
10,16
10,20
10,32
10,36
10,44
10,45
10,47
10,51
10,56
10,64
10,66
10,68
11,1
11,4
11,5
11,31
11,37
11,38
11,39
11,40
11,42
11,48
11,49
11,51
11,55
11,67
12,4
12,15
12,19
12,20
12,25
12,26
12,30
12,31
12,38
12,46
12,51
12,55
12,66
12,67
13,6
13,8
13,10
13,15
13,28
13,29
13,42
13,55
13,64
14,0
14,1
14,9
14,10
14,20
14,23
14,27
14,28
14,29
14,41
14,42
14,45
14,47
14,48
14,59
14,64
14,67
15,5
15,22
15,26
15,28
15,32
15,36
15,38
15,47
15,49
15,57
15,60
15,67
16,0
16,6
16,7
16,11
16,18
16,20
16,22
16,27
16,37
16,38
16,40
16,50
16,64
16,66
16,69
17,10
17,18
17,20
17,37
17,42
17,43
17,48
17,51
17,54
17,65
17,69
18,2
18,8
18,9
18,19
18,22
18,27
18,28
18,29
18,30
18,42
18,43
18,51
18,53
18,54
18,59
18,61
19,6
19,8
19,17
19,20
19,22
19,24
19,28
19,29
19,30
19,31
19,33
19,41
19,54
19,55
19,56
19,64
20,2
20,4
20,10
20,31
20,32
20,34
20,40
20,44
20,46
20,47
20,51
20,58
20,62
20,66
21,25
21,26
21,29
21,31
21,34
21,42
21,45
21,52
21,55
21,61
22,0
22,1
22,7
22,10
22,35
22,40
22,42
22,43
22,45
22,47
22,48
22,53
22,59
22,60
22,62
22,69
23,14
23,17
23,18
23,32
23,38
23,42
23,43
23,45
23,54
23,61
23,63
23,65
23,68
24,1
24,4
24,7
24,18
24,22
24,30
24,31
24,38
24,44
24,45
24,47
24,49
24,50
24,66
25,11
25,23
25,32
25,36
25,52
25,54
25,57
25,59
25,69
26,4
26,7
26,11
26,13
26,16
26,23
26,33
26,40
26,42
26,46
26,49
26,51
26,53
26,55
26,63
26,67
26,68
26,69
27,4
27,14
27,16
27,17
27,18
27,32
27,39
27,42
27,56
27,61
27,67
27,69
28,9
28,13
28,16
28,25
28,32
28,52
28,61
28,63
28,67
29,0
29,9
29,13
29,14
29,15
29,17
29,18
29,19
29,22
29,30
29,33
29,34
29,35
29,42
29,45
29,48
29,49
29,59
29,65
30,6
30,14
30,17
30,21
30,24
30,37
30,41
30,46
30,53
30,56
30,60
30,62
30,65
30,69
31,3
31,5
31,14
31,16
31,18
31,21
31,30
31,31
31,45
31,51
31,64
31,67
31,68
32,5
32,14
32,16
32,25
32,28
32,31
32,35
32,45
32,50
32,52
32,61
32,62
32,64
32,68
33,3
33,16
33,25
33,27
33,28
33,33
33,37
33,38
33,40
33,43
33,48
33,50
33,52
33,55
33,56
33,62
33,68
34,8
34,10
34,22
34,29
34,37
34,61
35,10
35,13
35,14
35,27
35,30
35,31
35,34
35,51
35,52
35,55
35,64
36,4
36,6
36,7
36,10
36,17
36,23
36,24
36,35
36,43
36,47
36,55
36,59
36,60
36,61
36,63
36,64
37,3
37,5
37,6
37,11
37,15
37,22
37,27
37,31
37,37
37,42
37,46
37,50
37,52
37,54
37,66
38,0
38,2
38,16
38,17
38,19
38,21
38,27
38,29
38,46
38,54
38,57
38,65
38,68
39,5
39,9
39,10
39,16
39,20
39,21
39,24
39,26
39,29
39,32
39,33
39,36
39,49
39,54
39,58
39,61
39,62
39,65
39,69
40,0
40,8
40,9
40,10
40,14
40,18
40,22
40,24
40,30
40,31
40,36
40,39
40,41
40,43
40,47
40,51
40,60
40,61
40,63
41,3
41,13
41,15
41,24
41,34
41,38
41,40
41,41
41,42
41,44
41,46
41,48
41,54
41,56
41,58
41,59
41,64
42,2
42,6
42,15
42,17
42,32
42,33
42,35
42,39
42,46
42,60
42,63
42,65
43,0
43,4
43,8
43,9
43,10
43,11
43,19
43,23
43,24
43,25
43,42
43,46
43,47
43,51
43,55
43,64
43,67
43,68
43,69
44,6
44,8
44,17
44,20
44,29
44,39
44,40
44,43
44,50
44,52
44,56
44,67
45,4
45,6
45,13
45,34
45,39
45,45
45,47
45,49
45,50
45,56
45,58
45,61
46,1
46,2
46,4
46,6
46,8
46,21
46,29
46,30
46,42
46,43
46,45
46,46
46,50
46,51
46,61
46,62
47,1
47,8
47,14
47,27
47,34
47,38
47,41
47,44
47,57
47,64
47,69
48,0
48,3
48,15
48,22
48,23
48,29
48,32
48,33
48,40
48,52
48,64
48,69
49,0
49,6
49,18
49,19
49,24
49,27
49,29
49,46
49,47
49,53
49,58
49,60
49,63
50,3
50,8
50,14
50,18
50,22
50,23
50,41
50,44
50,46
50,53
50,65
50,68
51,22
51,23
51,25
51,26
51,30
51,31
51,33
51,35
51,44
51,52
51,57
51,58
51,62
51,66
51,68
52,5
52,6
52,11
52,14
52,15
52,28
52,29
52,33
52,35
52,51
52,56
52,66
52,67
53,3
53,6
53,10
53,24
53,26
53,30
53,33
53,35
53,36
53,39
53,44
53,48
53,49
53,52
53,54
53,57
53,60
53,65
53,66
54,0
54,6
54,7
54,14
54,22
54,27
54,31
54,40
54,47
54,48
54,49
54,52
54,55
54,62
54,63
54,64
54,69
55,1
55,2
55,5
55,6
55,11
55,35
55,37
55,38
55,46
55,51
55,55
56,3
56,6
56,7
56,14
56,23
56,28
56,32
56,38
56,39
56,50
56,54
56,56
56,58
56,60
56,61
56,69
57,1
57,11
57,19
57,26
57,28
57,30
57,34
57,42
57,44
57,53
57,59
57,60
57,62
57,69
58,0
58,6
58,7
58,11
58,13
58,17
58,20
58,23
58,30
58,33
58,44
58,46
58,54
58,55
58,59
58,63
59,4
59,7
59,11
59,20
59,21
59,22
59,26
59,30
59,34
59,36
59,46
59,51
59,52
59,54
59,59
59,62
59,64
59,68
60,6
60,7
60,9
60,13
60,21
60,37
60,40
60,45
60,53
60,55
60,56
60,57
61,0
61,4
61,7
61,10
61,12
61,16
61,18
61,22
61,27
61,30
61,37
61,38
61,41
61,44
61,45
61,50
61,54
61,55
61,59
61,62
61,69
62,8
62,10
62,11
62,14
62,18
62,22
62,28
62,30
62,34
62,38
62,46
62,50
62,51
62,66
63,13
63,15
63,18
63,21
63,22
63,25
63,26
63,38
63,39
63,41
63,46
63,53
63,59
63,64
63,67
63,68
64,6
64,8
64,10
64,12
64,13
64,17
64,19
64,21
64,25
64,35
64,45
64,50
64,52
64,57
64,58
64,60
64,61
64,62
64,66
64,67
65,2
65,7
65,15
65,19
65,28
65,33
65,40
65,41
65,45
65,53
65,55
65,59
65,64
65,66
66,0
66,2
66,4
66,11
66,13
66,18
66,20
66,24
66,27
66,29
66,32
66,36
66,38
66,39
66,61
66,63
66,64
66,65
67,2
67,7
67,9
67,17
67,21
67,27
67,30
67,33
67,38
67,46
67,47
67,52
67,58
67,59
67,68
67,69
68,7
68,8
68,9
68,17
68,30
68,37
68,38
68,43
68,46
69,0
69,12
69,14
69,16
69,24
69,26
69,33
69,36
69,37
69,41
69,53
69,55
